   1Q  28A   7.527    0.378    70    0    0    0    0    0    0    0    0    0    0    0    0    0    0   46    2   22    0   14   46    7.250
   2V  27E   7.870    0.576   113    0    0    0    0    0    0    0    0    0    0    0    0    0    0   63   11    0   39   14   63    7.250
   2V  28A   4.616    0.556   102    0    0    0    0    0    0    0    0   66    0   33    3    0    0    0    0    0    0    8   66    4.250
   2V  29I   7.173    0.721    91    0    0    0    0    0    0    0    0    0    0    0    0   15   35    8    0   33    0   13   35    6.750
   2V  31L   6.159    0.808    78    0    0    0    0    0    0    0    0    0    9   15    3   18   33    0    0    0    0   13   33    6.750
   2V  32D   6.901    0.937    73    0    0    0    0    0    0    0    0    0    0    6   11    2    0   33    6   15    0   14   33    7.250
   3N  28A   7.368    0.645   134    0    0    0    0    0    0    0    0    0    0    0    0    0   64   11   11   44    4   13   64    6.750
   4E  13L   7.191    1.124    79    0    0    0    0    0    0    0    0    0    0   11    3    0    9   24   20    0   12   14   24    7.250
   4E  28A   8.209    0.427   151    0    0    0    0    0    0    0    0    0    0    0    0    0    0   18   56   22   55   15   56    7.750
   5L  11K   8.083    0.427    78    0    0    0    0    0    0    0    0    0    0    0    0    0    0    4   34   27   13   15   34    7.750
   5L  12A   7.535    1.090   142    0    0    0    0    0    0    0    0    0    3    1   10   16    3   28   13   45   23   16   45    8.250
   5L  13L   6.421    0.838   150    0    0    0    0    0    0    0    0    0    0   21   28   36   33   14   13    5    0   12   36    6.250
   5L  24C   5.941    0.720   307    0    0    0    0    0    0    0    0    0    0   69  174   29   12    0    8   15    0   11  174    5.750
   5L  25Y   6.904    0.365   288    0    0    0    0    0    0    0    0    0    0    0    0   24  229    6   19   10    0   13  229    6.750
   5L  27E   7.039    0.314   224    0    0    0    0    0    0    0    0    0    0    0    0    0   61  163    0    0    0   14  163    7.250
   5L  28A   5.706    0.778   229    0    0    0    0    0    0    0    0    0   46   54  102    6    1    2   18    0    0   11  102    5.750
   6K  24C   6.721    0.573   363    0    0    0    0    0    0    0    0    0    0    0    0  164  130   37    0   28    4   12  164    6.250
   6K  25Y   5.967    0.737   355    0    0    0    0    0    0    0    0    0    0  113  189    9    5   24    0    3   12   11  189    5.750
   6K  27E   8.196    0.271   186    0    0    0    0    0    0    0    0    0    0    0    0    0    0    0   72   70   44   15   72    7.750
   6K  28A   6.188    0.946   286    0    0    0    0    0    0    0    0    0    0   68   98    9   77    0    7    1   26   11   98    5.750
   6K  38L   6.918    0.631   252    0    0    0    0    0    0    0    0    0    0    0   33    0  153   56    0    0   10   13  153    6.750
   6K  41N   8.334    0.422   190    0    0    0    0    0    0    0    0    0    0    0    0    0    0    0   33  113   44   16  113    8.250
   8K  21A   7.601    0.410  1415    0    0    0    0    0    0    0    0    0    0    0    0    5   14  662  476  202   56   14  662    7.250
   8K  24C   6.987    0.685  1027    0    0    0    0    0    0    0    0    0    0    0   22  170  447  207   60   58   63   13  447    6.750
   8K  25Y   8.365    0.328   714    0    0    0    0    0    0    0    0    0    0    0    0    0    0    0   74  484  156   16  484    8.250
   9G  20D   7.499    0.572  2545    0    0    0    0    0    0    0    0    0    0    4    2   43  530  729  691  398  148   14  729    7.250
   9G  21A   4.841    0.902  2441    0    0    0    0    0    0    0   43 1197  448  303  177   96   52   81   38    6    0    8 1197    4.250
   9G  22L   7.316    0.624  1964    0    0    0    0    0    0    0    0    0    0    0    0   40  766  583  249  213  113   13  766    6.750
   9G  23Q   7.931    0.438  1525    0    0    0    0    0    0    0    0    0    0    0    0    0    0  147  848  290  240   15  848    7.750
   9G  24C   5.496    0.837  1627    0    0    0    0    0    0    0    0    0  697  388  148  172  111   60   40    1   10    9  697    4.750
   9G  25Y   6.044    0.737  1421    0    0    0    0    0    0    0    0    0    1  385  419  299  108  144   23   39    3   11  419    5.750
  10N  21A   7.167    0.648  3064    0    0    0    0    0    0    0    0    0    0    0    0  367 1135  690  396  352  124   13 1135    6.750
  10N  25Y   8.364    0.312  1212    0    0    0    0    0    0    0    0    0    0    0    0    0    0    0  229  610  373   16  610    8.250
  10N  41N   7.789    0.720   902    0    0    0    0    0    0    0    0    0    0    0   18   40   53  190  161  231  209   16  231    8.250
  10N  45A   8.306    0.265   153    0    0    0    0    0    0    0    0    0    0    0    0    0    0    5    0  119   29   16  119    8.250
  11K  21A   7.961    0.446  3712    0    0    0    0    0    0    0    0    0    0   18   11    0    6   57 1989 1195  436   15 1989    7.750
  12A  17N   5.199    0.531  6411    0    0    0    0    0    0    0    0   12 1870 3888  352  109   48   12   41   45   34   10 3888    5.250
  12A  18I   6.724    0.639  6197    0    0    0    0    0    0    0    0   21  116  282   85  788 3578  911  241   70  105   13 3578    6.750
  12A  20D   6.592    0.593  5558    0    0    0    0    0    0    0    0    0    0   94  633 2014 1630  698  332  126   31   12 2014    6.250
  12A  21A   5.488    0.737  5318    0    0    0    0    0    0    0    0    0 1022 2648  832  316  220  125   63   18   74   10 2648    5.250
  13L  18I   5.924    0.855  6798    0    0    0    0    0    0    0    0   59  492 1910 1915  962  568  421  289  101   81   11 1915    5.750
  13L  20D   8.159    0.408  5533    0    0    0    0    0    0    0    0    0    5    3   19    0   36   86 1643 2557 1184   16 2557    8.250
  13L  21A   6.016    0.841  5860    0    0    0    0    0    0    0    0    0    0 2123 1318 1299  462  192  168  183  115   10 2123    5.250
  13L  22L   8.443    0.313  3451    0    0    0    0    0    0    0    0    0    0    0    0    0    0    4  325 1756 1366   16 1756    8.250
  13L  44A   8.017    0.459   450    0    0    0    0    0    0    0    0    0    0    0    0    0    0   66  194  122   68   15  194    7.750
  13L  45A   7.297    0.619  1418    0    0    0    0    0    0    0    0    0    0    0   50   55  283  473  336  215    6   14  473    7.250
  13L  48K   8.060    0.743   543    0    0    0    0    0    0    0    0    0    0    0    0   55   16    0  112  203  157   16  203    8.250
  14S  20D   8.244    0.583    82    0    0    0    0    0    0    0    0    0    0    1    0    0    3    0   13   44   21   16   44    8.250
  14S  45A   8.406    0.051    68    0    0    0    0    0    0    0    0    0    0    0    0    0    0    0    0   60    8   16   60    8.250
  15V  24C   8.334    0.392    92    0    0    0    0    0    0    0    0    0    0    0    0    0    0    3   20   37   32   16   37    8.250
  16G  49K   8.169    0.598   384    0    0    0    0    0    0    0    0    0    0    0    0    0   14    0  198   39  133   15  198    7.750
  16G  83L   8.345    0.000    99    0    0    0    0    0    0    0    0    0    0    0    0    0    0    0    0   99    0   16   99    8.250
  16G  84N   5.501    0.000    99    0    0    0    0    0    0    0    0    0    0    0   99    0    0    0    0    0    0   11   99    5.750
  17N  45A   8.191    0.887   400    0    0    0    0    0    0    0    0    0    0   11   30    0    0    2    0  256  101   16  256    8.250
  17N  84N   7.115    0.000    99    0    0    0    0    0    0    0    0    0    0    0    0    0    0   99    0    0    0   14   99    7.250
  18I  44A   8.521    0.387   589    0    0    0    0    0    0    0    0    0    0    0    0    0    0    0   16  319  254   16  319    8.250
  18I  45A   6.251    0.899  2049    0    0    0    0    0    0    0    0    0  236  130  473  482  231  290  135   72    0   12  482    6.250
  18I  46Y   8.032    0.602  1795    0    0    0    0    0    0    0    0    0    0   22    0    0    0  235  678  308  552   15  678    7.750
  18I  48K   7.580    0.673  2187    0    0    0    0    0    0    0    0    0    0    0    0  173  187  734  518  271  304   14  734    7.250
  18I  49K   7.048    0.780  2392    0    0    0    0    0    0    0    0    0    0    0  189  384  589  624  287   77  242   14  624    7.250
  18I  79A   5.658    0.757   145    0    0    0    0    0    0    0    0    0    0   99    0    0   45    1    0    0    0   10   99    5.250
  18I  80L   7.949    0.712   153    0    0    0    0    0    0    0    0    0    0    0    0    0    0   99    0    0   54   14   99    7.250
  18I  82F   6.694    0.219   100    0    0    0    0    0    0    0    0    0    0    0    0    0   99    0    0    0    1   13   99    6.750
  18I  83L   6.408    0.000   110    0    0    0    0    0    0    0    0    0    0    0    0  110    0    0    0    0    0   12  110    6.250
  18I  84N   7.228    0.000    99    0    0    0    0    0    0    0    0    0    0    0    0    0    0   99    0    0    0   14   99    7.250
  19D  45A   7.869    0.533  1518    0    0    0    0    0    0    0    0    0    0    0    0   16   99  266  526  281  330   15  526    7.750
  19D  49K   7.828    0.688  1603    0    0    0    0    0    0    0    0    0    0   24    0   42    0  525  324  468  220   14  525    7.250
  19D  79A   6.698    0.409   144    0    0    0    0    0    0    0    0    0    0    0    0   45   99    0    0    0    0   13   99    6.750
  19D  80L   7.589    0.000    99    0    0    0    0    0    0    0    0    0    0    0    0    0    0    0   99    0    0   15   99    7.750
  19D  83L   6.679    0.000   110    0    0    0    0    0    0    0    0    0    0    0    0    0  110    0    0    0    0   13  110    6.750
  21A  42R   8.105    0.523  2166    0    0    0    0    0    0    0    0    1    0    0    0    0  121  260  406  977  401   16  977    8.250
  21A  45A   7.207    0.700  2001    0    0    0    0    0    0    0    0    0    0    0  171  121  256  670  630  150    3   14  670    7.250
  21A  49K   7.775    0.270    69    0    0    0    0    0    0    0    0    0    0    0    0    0    0    7   55    7    0   15   55    7.750
  22L  42R   6.424    0.713  2391    0    0    0    0    0    0    0    0    0    0  242  274  767  642  322   10   88   46   12  767    6.250
  22L  45A   6.718    0.842  2082    0    0    0    0    0    0    0    0    0  121   66  243  308  501  548  156  106   33   14  548    7.250
  22L  46Y   7.758    0.654  1996    0    0    0    0    0    0    0    0    0    0    0    0   50  254  233  760  404  295   15  760    7.750
  22L  83L   6.012    0.000    72    0    0    0    0    0    0    0    0    0    0    0    0   72    0    0    0    0    0   12   72    6.250
  23Q  42R   8.342    0.419   635    0    0    0    0    0    0    0    0    0    0    0    0    0    0    0  122  292  221   16  292    8.250
  24C  41N   7.991    0.084   232    0    0    0    0    0    0    0    0    0    0    0    0    0    1    0  121  110    0   15  121    7.750
  24C  42R   8.259    0.504   607    0    0    0    0    0    0    0    0    0    0    1    0    0    0    0  220  176  210   15  220    7.750
  25Y  38L   6.259    0.839  3287    0    0    0    0    0    0    0    0    4  290  275 1024  678  406  362  127   68   53   11 1024    5.750
  25Y  39Y   7.835    0.584  2977    0    0    0    0    0    0    0    0    0    0    2    0   14  293  426  976  837  429   15  976    7.750
  25Y  40S   8.185    0.483   540    0    0    0    0    0    0    0    0    0    0    0    1    3    0   23  270   30  213   15  270    7.750
  25Y  41N   7.282    0.848  2780    0    0    0    0    0    0    0    0    0  121  110    1  187  236  764  838  463   60   15  838    7.750
  25Y  42R   6.094    0.769  2641    0    0    0    0    0    0    0    0  121   99  209  438 1241  363   87   79    4    0   12 1241    6.250
  25Y  43S   7.996    0.393   216    0    0    0    0    0    0    0    0    0    0    0    4    0    0    0  122   88    2   15  122    7.750
  26S  37V   8.156    0.513   188    0    0    0    0    0    0    0    0    0    0    0    0    0    0   58    5   64   61   16   64    8.250
  26S  38L   8.115    0.583  2890    0    0    0    0    0    0    0    0    0    0    0    0   12  127  237  956  674  884   15  956    7.750
  26S  39Y   8.387    0.369  1645    0    0    0    0    0    0    0    0    0    0    0    0    0    0   42  202  760  641   16  760    8.250
  26S  41N   8.304    0.396   273    0    0    0    0    0    0    0    0    0    0    0    0    0    0    0   28  135  110   16  135    8.250
  26S  42R   7.637    0.792  2545    0    0    0    0    0    0    0    0    0    0    0  123  101  344  351  647  680  299   16  680    8.250
  28A  33P   7.784    0.534  6167    0    0    0    0    0    0    0    0    0   10   30   73   43  219  569 3456 1137  630   15 3456    7.750
  28A  35N   8.123    0.547  3750    0    0    0    0    0    0    0    0    0    0    1    9   17   61  445  935 1217 1065   16 1217    8.250
  28A  37V   7.798    0.724   894    0    0    0    0    0    0    0    0    0    0    0    3   76   68  238   72  220  217   14  238    7.250
  28A  38L   6.889    0.804  3942    0    0    0    0    0    0    0    0    0  121  171   46  563 1256 1032  451  229   73   13 1256    6.750
  28A  40S   7.577    1.129    73    0    0    0    0    0    0    0    0    0    0    8    0    2    4   20    4   18   17   14   20    7.250
  29I  34H   7.659    0.581  6221    0    0    0    0    0    0    0    0    5    1    1  106  123  525 1212 2654 1166  428   15 2654    7.750
  29I  35N   7.181    0.700  5956    0    0    0    0    0    0    0    0    1    1   29  189  693 1660 1474 1108  561  240   13 1660    6.750
  29I  38L   6.461    0.738  4214    0    0    0    0    0    0    0    0   18  155  281  590 1071 1243  626   97   75   58   13 1243    6.750
  29I  39Y   7.303    0.741  3894    0    0    0    0    0    0    0    0    0   44   40   45  543  523 1266  900  448   85   14 1266    7.250
  31L  38L   7.436    0.817   452    0    0    0    0    0    0    0    0    0    0    9    9   22  100  103   64  105   40   16  105    8.250
  31L  40S   7.917    0.661   113    0    0    0    0    0    0    0    0    0    2    0    2    0    0    6   52   21   30   15   52    7.750
  33P  38L   7.864    0.930  4233    0    0    0    0    0    0    0    0    1   12   59  220  232  190  415  676 1329 1099   16 1329    8.250
  33P  39Y   7.916    0.886  4226    0    0    0    0    0    0    0    4    9   17   39  152  220  213  284  662 1528 1098   16 1528    8.250
  33P  62T   8.030    0.331   807    0    0    0    0    0    0    0    0    0    0    0    0    0    0  103  231  352  121   16  352    8.250
  33P  66K   8.054    0.395   340    0    0    0    0    0    0    0    0    0    0    0    0    8    0    0   90  242    0   16  242    8.250
  33P  68D   6.487    0.000   121    0    0    0    0    0    0    0    0    0    0    0    0  121    0    0    0    0    0   12  121    6.250
  33P  69W   7.655    0.250   812    0    0    0    0    0    0    0    0    0    0    0    0    0    0  187  616    0    9   15  616    7.750
  33P  71K   7.712    0.360   757    0    0    0    0    0    0    0    0    0    0    0    0    0    0  231  352  174    0   15  352    7.750
  33P  72G   8.013    0.342   693    0    0    0    0    0    0    0    0    0    0    0    0    0    0    0  352  286   55   15  352    7.750
  34H  61K   8.148    0.336   606    0    0    0    0    0    0    0    0    0    0    0    0    0    0   77    0  529    0   16  529    8.250
  34H  62T   8.157    0.509  1554    0    0    0    0    0    0    0    0    0    0    0    0    0    0   88  407  637  422   16  637    8.250
  34H  65L   6.945    1.056  1542    0    0    0    0    0    0    0    0    0    0  231   66   22  682   92  220   66  163   13  682    6.750
  34H  67P   7.734    0.152    94    0    0    0    0    0    0    0    0    0    0    0    0    0    0    6   88    0    0   15   88    7.750
  34H  68D   6.771    0.133   112    0    0    0    0    0    0    0    0    0    0    0    0    0  110    0    2    0    0   13  110    6.750
  34H  69W   6.962    0.478   728    0    0    0    0    0    0    0    0    0    0    0    0  121  121  374  110    2    0   14  374    7.250
  34H  70G   7.761    0.337   705    0    0    0    0    0    0    0    0    0    0    0    0    0    0  221  363   77   44   15  363    7.750
  34H  71K   6.255    0.430   738    0    0    0    0    0    0    0    0    0    0    0  221  429    0   88    0    0    0   12  429    6.250
  34H  72G   8.169    0.222   661    0    0    0    0    0    0    0    0    0    0    0    0    0    0    0  110  518   33   16  518    8.250
  35N  59G   8.232    0.304    91    0    0    0    0    0    0    0    0    0    0    0    0    0    0    0    0   77   14   16   77    8.250
  35N  61K   8.321    0.275   418    0    0    0    0    0    0    0    0    0    0    0    0    0    0    0   77  231  110   16  231    8.250
  35N  62T   7.668    0.939  1641    0    0    0    0    0    0    0    0   77    0    0    0    0  165  209  752  132  306   15  752    7.750
  35N  63V   7.715    0.615   154    0    0    0    0    0    0    0    0    0    0    0    0    0    0   77    0   66   11   14   77    7.250
  35N  65L   7.517    0.676  1472    0    0    0    0    0    0    0    0    0    0    0    0  143  121  560  450   44  154   14  560    7.250
  35N  71K   8.004    0.378   684    0    0    0    0    0    0    0    0    0    0    0    0    0    0  121  308  211   44   15  308    7.750
  35N  72G   8.280    0.091    77    0    0    0    0    0    0    0    0    0    0    0    0    0    0    0    7   70    0   16   70    8.250
  36H  61K   7.596    0.617  1375    0    0    0    0    0    0    0    0    0    0    0    0   77   94  469  438  165  132   14  469    7.250
  36H  62T   5.333    1.102  2024    0    0    0    0    0    0    0   66  341  629   54  256  407  121    0  118   32    0    9  629    4.750
  36H  63V   7.496    0.851  1655    0    0    0    0    0    0    0    0    0    0   60    0   11  275  622  341    3  343   14  622    7.250
  36H  64D   8.199    0.322  1057    0    0    0    0    0    0    0    0    0    0    0    0    0    0    0  391  379  287   15  391    7.750
  36H  65L   6.537    1.067  1718    0    0    0    0    0    0    0    0    0    1  277  522  244   12  296    0  211  155   11  522    5.750
  36H  66K   6.527    0.668  1658    0    0    0    0    0    0    0    0    0    0    0  334  626  259  257  168    8    6   12  626    6.250
  36H  68D   7.974    0.511   175    0    0    0    0    0    0    0    0    0    0    0    0    0   16    0   63   91    5   16   91    8.250
  36H  69W   7.613    0.921   585    0    0    0    0    0    0    0    0    0    0   20    0    3  220   10    0  244   88   16  244    8.250
  36H  71K   7.300    0.978   974    0    0    0    0    0    0    0    0    0    0    0  121  157    0  304  125  198   69   14  304    7.250
  36H  72G   8.223    0.550   892    0    0    0    0    0    0    0    0    0    0    0   17    0    0   66   35  579  195   16  579    8.250
  37V  43S   8.523    0.188   120    0    0    0    0    0    0    0    0    0    0    0    0    0    0    0    0   72   48   16   72    8.250
  37V  62T   7.306    0.680  1557    0    0    0    0    0    0    0    0    0    0    3    0   66  533  453  184  292   26   13  533    6.750
  37V  71K   7.833    0.268   397    0    0    0    0    0    0    0    0    0    0    0    0    0    0    0  328   35   34   15  328    7.750
  38L  59G   7.432    1.130   110    0    0    0    0    0    0    0    0    0    5    0    0    0   55    3    0    3   44   13   55    6.750
  38L  61K   7.281    0.350    93    0    0    0    0    0    0    0    0    0    0    0    0    0    0   88    0    3    2   14   88    7.250
  38L  62T   8.010    0.666  1737    0    0    0    0    0    0    0    0    0    0    0   47   48    0    3  688  690  261   16  690    8.250
  39Y  58D   5.700    0.659  2443    0    0    0    0    0    0    0    0    0  187 1039  468  508   93  125    7    4   12   10 1039    5.250
  39Y  59G   6.710    0.613  2442    0    0    0    0    0    0    0    0    0    3   14   86 1067  824   72  190  170   16   12 1067    6.250
  39Y  61K   7.163    0.789  2185    0    0    0    0    0    0    0    0    0    0    0    0  351  853  216  422  190  153   13  853    6.750
  39Y  62T   5.817    0.841  2278    0    0    0    0    0    0    0    0    0  371  649  611  226  127  121  137    9   27   10  649    5.250
  39Y  71K   7.412    0.550   685    0    0    0    0    0    0    0    0    0    0    0    0    0   28  405  197    0   55   14  405    7.250
  39Y  75R   7.728    0.553   611    0    0    0    0    0    0    0    0    0    0    2    0    0   78  257    0  203   71   14  257    7.250
  40S  58D   6.949    0.694  2487    0    0    0    0    0    0    0    0    0    0    0  100  693  707  420  376  100   91   13  707    6.750
  40S  59G   6.187    0.794  2454    0    0    0    0    0    0    0    0    0   90  594  506  460  316  429   14   21   24   10  594    5.250
  40S  61K   8.286    0.310  1478    0    0    0    0    0    0    0    0    0    0    0    0    0    0    0  224  768  486   16  768    8.250
  40S  62T   6.415    0.973  2235    0    0    0    0    0    0    0    0    0    0  413  737  176  263  161  374  111    0   11  737    5.750
  40S  69W   7.505    0.644   160    0    0    0    0    0    0    0    0    6    0    0    0    0    0   30  121    0    3   15  121    7.750
  40S  71K   7.457    0.997  1142    0    0    0    0    0    0    0    0    0    0    0  242    0   57  194  242  228  179   11  242    5.750
  40S  72G   6.565    0.683  1557    0    0    0    0    0    0    0    0    0    3  169   31  551  506   92  205    0    0   12  551    6.250
  41N  58D   8.514    0.380  1704    0    0    0    0    0    0    0    0    0    3    0    3    0   14   20    0  881  783   16  881    8.250
  41N  71K   8.007    0.509   248    0    0    0    0    0    0    0    0    0    0    0    0    0    2    0  121    4  121   15  121    7.750
  42R  55A   7.439    0.420  3580    0    0    0    0    0    0    0    2    0    0    7    7   15  114 2050 1098  171  116   14 2050    7.250
  42R  58D   6.967    0.671  3079    0    0    0    0    0    0    0    0    0    0    0  122  803  946  632  260  171  145   13  946    6.750
  42R  62T   8.066    0.705   142    0    0    0    0    0    0    0    0    0    0    1    0    0    0   55   25    8   53   14   55    7.250
  43S  54K   7.404    0.469  4297    0    0    0    0    0    0    0    0    0    0    0    0   22  928 1629 1305  297  116   14 1629    7.250
  43S  55A   4.600    0.761  4254    0    0    0    0    0    0    0  133 2743  634  289  180   97   80   13   51   31    3    8 2743    4.250
  43S  56Y   7.146    0.498  3745    0    0    0    0    0    0    0    0    0    0    0    0   12 1863 1154  463  140  113   13 1863    6.750
  43S  57E   7.927    0.422  3194    0    0    0    0    0    0    0    0    0    0    0    0    0    0  399 1687  716  392   15 1687    7.750
  43S  58D   5.433    0.712  3394    0    0    0    0    0    0    0    0   15 1017 1403  352  296  212   27   31    7   34   10 1403    5.250
  43S  59G   5.993    0.668  3158    0    0    0    0    0    0    0    0    0   11  894  748  875  278  270   48   31    3   10  894    5.250
  43S  75R   7.978    0.806  2081    0    0    0    0    0    0    0    0    0    0    0    0  121  292  121   72  838  637   16  838    8.250
  44A  55A   7.054    0.574  4683    0    0    0    0    0    0    0    0    0    0   24    0  554 1903 1300  521  256  125   13 1903    6.750
  44A  71K   7.877    0.274   100    0    0    0    0    0    0    0    0    0    0    0    0    0    8    0   88    4    0   15   88    7.750
  44A  75R   7.566    0.761  1695    0    0    0    0    0    0    0    0    0    0    0   12  123  283  444  203  387  243   14  444    7.250
  44A  79A   8.311    0.314   551    0    0    0    0    0    0    0    0    0    0    0    0    0    0   11   40  398  102   16  398    8.250
  45A  55A   7.856    0.574  5447    0    0    0    0    0    0    0    0    6   25   49   43   84    8  136 2987 1611  498   15 2987    7.750
  45A  56Y   8.043    0.855    78    0    0    0    0    0    0    0    0    0    3    0    0    0    5    0   24   26   20   16   26    8.250
  46Y  51D   5.235    0.626  7850    0    0    0    0    0    0    0    0   17 2300 4597  510  172   56   11   26   43  118   10 4597    5.250
  46Y  52Y   6.667    0.565  7556    0    0    0    0    0    0    0    3   34  132  175   92 1485 4549  733  226   58   69   13 4549    6.750
  46Y  54K   6.614    0.561  6787    0    0    0    0    0    0    0    0    0    1   47  476 2764 2185  822  298  140   54   12 2764    6.250
  46Y  55A   5.547    0.913  6879    0    0    0    0    0    0    0    0    5 1566 3150 1063  316  200  166   41   41  331   10 3150    5.250
  46Y  75R   7.978    0.469   110    0    0    0    0    0    0    0    0    0    0    0    0    0    0    0   66    0   44   15   66    7.750
  47A  52Y   5.880    0.883  7719    0    0    0    0    0    0    0   14   99  515 2253 2367 1139  371  392  256  124  189   11 2367    5.750
  47A  54K   8.165    0.397  6591    0    0    0    0    0    0    0    0    0    0    0   19    0   80  114 1820 3217 1341   16 3217    8.250
  47A  55A   5.941    0.778  6860    0    0    0    0    0    0    0    0    0    0 2600 1759 1478  382  160  252  128  101   10 2600    5.250
  47A  56Y   8.480    0.293  4521    0    0    0    0    0    0    0    0    0    0    0    0    0    0    0  349 2182 1990   16 2182    8.250
  47A  78A   8.079    0.487   796    0    0    0    0    0    0    0    0    0    0    0    0    0    0   75  361  162  198   15  361    7.750
  47A  79A   7.152    0.657  2004    0    0    0    0    0    0    0    0    0    0    0  110  154  568  468  484  220    0   13  568    6.750
  48K  54K   8.247    0.479   102    0    0    0    0    0    0    0    0    0    0    0    2    0    0    0    0   79   21   16   79    8.250
  48K  79A   8.324    0.187   143    0    0    0    0    0    0    0    0    0    0    0    0    0    0    0   22  110   11   16  110    8.250
  48K  82F   8.396    0.000   121    0    0    0    0    0    0    0    0    0    0    0    0    0    0    0    0  121    0   16  121    8.250
  51D  78A   7.945    0.000    77    0    0    0    0    0    0    0    0    0    0    0    0    0    0    0   77    0    0   15   77    7.750
  51D  79A   8.114    0.930   516    0    0    0    0    0    0    0    0    0    0    0   70    0    0    0    0  336  110   16  336    8.250
  52Y  78A   8.541    0.402   632    0    0    0    0    0    0    0    0    0    0    0    0    0    0    0   44  297  291   16  297    8.250
  52Y  79A   6.284    0.906  2352    0    0    0    0    0    0    0    0    0  286  171  464  473  393  350  166   49    0   12  473    6.250
  52Y  80L   8.029    0.594  2036    0    0    0    0    0    0    0    0    0    0   11    0    0    0  370  680  319  656   15  680    7.750
  52Y  82F   7.554    0.713  2338    0    0    0    0    0    0    0    0    0    0    0    0  242  196  757  506  242  395   14  757    7.250
  52Y  83L   7.024    0.776  2677    0    0    0    0    0    0    0    0    0    0    0  233  430  605  831  242   88  248   14  831    7.250
  53Q  79A   7.847    0.561  1618    0    0    0    0    0    0    0    0    0    0    0    0   50   99  242  609  255  363   15  609    7.750
  53Q  83L   7.739    0.796  1735    0    0    0    0    0    0    0    0    0    0   80    0   56    0  553  350  462  234   14  553    7.250
  55A  76K   8.125    0.538  2549    0    0    0    0    0    0    0    0    0    0    0    0    0  121  343  425 1138  522   16 1138    8.250
  55A  79A   7.261    0.676  2354    0    0    0    0    0    0    0    0    0    0    0  149  121  373  766  669  273    3   14  766    7.250
  56Y  76K   6.455    0.698  2800    0    0    0    0    0    0    0    0    0    0  253  304  844  848  394   16   89   52   13  848    6.750
  56Y  79A   6.765    0.845  2475    0    0    0    0    0    0    0    0    0  121   88  231  422  608  594  187  180   44   13  608    6.750
  56Y  80L   7.803    0.665  2321    0    0    0    0    0    0    0    0    0    0    0    0   57  284  242  914  446  378   15  914    7.750
  57E  76K   8.357    0.417   681    0    0    0    0    0    0    0    0    0    0    0    0    0    0    0  121  308  252   16  308    8.250
  58D  75R   7.997    0.005   242    0    0    0    0    0    0    0    0    0    0    0    0    0    0    0  121  121    0   15  121    7.750
  58D  76K   8.247    0.483   631    0    0    0    0    0    0    0    0    0    0    0    0    0    0    1  242  176  212   15  242    7.750
  59G  72G   6.191    0.815  3419    0    0    0    0    0    0    0    0    4  354  357 1000  725  407  388  101   48   35   11 1000    5.750
  59G  73Y   7.811    0.588  3217    0    0    0    0    0    0    0    0    0    0    2    1    9  376  477  991  934  427   15  991    7.750
  59G  75R   7.291    0.822  3102    0    0    0    0    0    0    0    0    0  121  121    1  176  356  825  893  567   42   15  893    7.750
  59G  76K   6.115    0.757  3015    0    0    0    0    0    0    0    0  121  121  209  544 1324  501  117   77    1    0   12 1324    6.250
  59G  77A   8.056    0.249   235    0    0    0    0    0    0    0    0    0    0    0    0    0    1    0  122  111    1   15  122    7.750
  60C  71K   8.088    0.528   151    0    0    0    0    0    0    0    0    0    0    0    0    0    0   55    8   44   44   14   55    7.250
  60C  72G   8.077    0.614  3017    0    0    0    0    0    0    0    0    0    0    0    0   18  177  274  981  683  884   15  981    7.750
  60C  73Y   8.335    0.465  1810    0    0    0    0    0    0    0    0    0    0    0    0    0   63   56  189  824  678   16  824    8.250
  60C  76K   7.622    0.819  2852    0    0    0    0    0    0    0    0    0    0    0  122  191  378  353  728  690  390   15  728    7.750
  62T  67P   7.711    0.686  5507    0    0    0    0    0    0    0    0    0   39  150  112   24  185  371 3037 1029  560   15 3037    7.750
  62T  69W   8.075    0.616  3375    0    0    0    0    0    0    0    0    0    0    2   21   46   78  455  746 1071  956   16 1071    8.250
  62T  72G   6.863    0.813  3791    0    0    0    0    0    0    0    0    0  121  199   23  539 1224  967  461  194   63   13 1224    6.750
  63V  68D   7.600    0.592  5424    0    0    0    0    0    0    0    0    0    2    1  111  152  529 1161 2164  986  318   15 2164    7.750
  63V  69W   7.102    0.717  5207    0    0    0    0    0    0    0    0   10    4   54  219  641 1523 1229  912  463  152   13 1523    6.750
  63V  72G   6.453    0.676  3928    0    0    0    0    0    0    0    1    9  140  230  519 1035 1241  637   39   37   40   13 1241    6.750
  63V  73Y   7.318    0.738  3825    0    0    0    0    0    0    0    0   36   32    3   17  514  520 1240  967  451   45   14 1240    7.250
  63V  74S   8.119    0.612   224    0    0    0    0    0    0    0    0    0    0    0    0    9    0   32    7  104   72   16  104    8.250
  64D  71K   7.761    1.230   222    0    0    0    0    0    0    0    0    0   19    0    0   38    1   20    8   78   58   16   78    8.250
  64D  73Y   7.457    1.071   161    0    0    0    0    0    0    0    0    0    1    4   22   14    5   44    5   27   39   14   44    7.250
  65L  72G   7.310    1.162   392    0    0    0    0    0    0    0    0    0   26   13   23   23   61   59   52   78   57   16   78    8.250
  65L  73Y   6.981    1.424   412    0    0    0    0    0    0    0    0   29   36   13   17   52   44   54   36   66   65   16   66    8.250
  65L  74S   7.950    0.539   106    0    0    0    0    0    0    0    0    0    0    0    0    1    1   13   33   33   25   15   33    7.750
  65L  76K   7.462    0.851    69    0    0    0    0    0    0    0    0    0    0    0    3   12    0    6   33    7    8   15   33    7.750
  66K  73Y   7.835    0.851   534    0    0    0    0    0    0    0    0    0    2    1   28   22   35   60  117  149  120   16  149    8.250
  67P  73Y   8.079    0.775  3751    0    0    0    0    0    0    0    0    2   30   40   61  105  102  181  597 1531 1102   16 1531    8.250
  67P  96G   8.059    0.337   741    0    0    0    0    0    0    0    0    0    0    0    0    0    0   99  175  341  126   16  341    8.250
  67P 100E   8.112    0.431   283    0    0    0    0    0    0    0    0    0    0    0    0   11    0    0   30  242    0   16  242    8.250
  67P 102N   6.793    0.775    81    0    0    0    0    0    0    0    0    0    0    0    0   70    0    0    0    2    9   12   70    6.250
  67P 103N   7.649    0.225   565    0    0    0    0    0    0    0    0    0    0    0    0    0    2  123  440    0    0   15  440    7.750
  67P 105Q   7.692    0.296   403    0    0    0    0    0    0    0    0    0    0    0    0    0    0  117  209   77    0   15  209    7.750
  67P 106L   7.947    0.306   306    0    0    0    0    0    0    0    0    0    0    0    0    1    0    0  151  154    0   16  154    8.250
  68D  95E   8.163    0.334   688    0    0    0    0    0    0    0    0    0    0    0    0    0    0   77    3  576   32   16  576    8.250
  68D  96G   8.178    0.503  1582    0    0    0    0    0    0    0    0    0    0    0    3    0    0   77  375  692  435   16  692    8.250
  68D  99H   7.045    1.046  1465    0    0    0    0    0    0    0    0    0    0  157   66   33  653   88  209   66  193   13  653    6.750
  68D 103N   6.898    0.482   496    0    0    0    0    0    0    0    0    0    0    0    0   99   99  242   56    0    0   14  242    7.250
  68D 104P   7.719    0.277   430    0    0    0    0    0    0    0    0    0    0    0    0    0    0  133  242   55    0   15  242    7.750
  68D 105Q   6.231    0.341   399    0    0    0    0    0    0    0    0    0    0    0  102  264    0   33    0    0    0   12  264    6.250
  68D 106L   8.158    0.243   325    0    0    0    0    0    0    0    0    0    0    0    0    0    0    0   66  236   23   16  236    8.250
  69W  93Y   8.462    0.416   115    0    0    0    0    0    0    0    0    0    0    0    0    0    0    0    0   66   49   16   66    8.250
  69W  95E   8.261    0.317   446    0    0    0    0    0    0    0    0    0    0    0    0    0    0    0  101  253   92   16  253    8.250
  69W  96G   7.650    0.981  1735    0    0    0    0    0    0    0    0   66   28    0    4    0  187  230  709  168  343   15  709    7.750
  69W  97L   7.580    0.537   134    0    0    0    0    0    0    0    0    0    0    0    0    0    0   87    0   47    0   14   87    7.250
  69W  99H   7.411    0.675  1432    0    0    0    0    0    0    0    0    0    0    7    0  176  154  544  384   54  113   14  544    7.250
  69W 105Q   7.962    0.362   382    0    0    0    0    0    0    0    0    0    0    0    0    0    0   77  183   98   24   15  183    7.750
  70G  95E   7.632    0.620  1512    0    0    0    0    0    0    0    0    0    0    0    0   77   91  482  516  193  153   15  516    7.750
  70G  96G   5.339    1.119  2147    0    0    0    0    0    0    0   66  384  656   74  267  397  133   24   89   42   15    9  656    4.750
  70G  97L   7.521    0.829  1675    0    0    0    0    0    0    0    0    0    0   44    0    0  319  612  313   38  349   14  612    7.250
  70G  98K   8.207    0.324  1106    0    0    0    0    0    0    0    0    0    0    0    0    0    0    0  387  402  317   16  402    8.250
  70G  99H   6.389    0.987  1678    0    0    0    0    0    0    0    0    0    1  332  519  244   57  273    6  125  121   11  519    5.750
  70G 100E   6.542    0.682  1558    0    0    0    0    0    0    0    0    2    0    0  305  565  314  207  140   22    3   12  565    6.250
  70G 103N   7.596    0.817   494    0    0    0    0    0    0    0    0    0    0    0    0    0  209   24    0  197   64   13  209    6.750
  70G 105Q   7.377    1.006   560    0    0    0    0    0    0    0    0    0    0    0   77   77    0  130   66  187   23   16  187    8.250
  70G 106L   8.075    0.602   533    0    0    0    0    0    0    0    0    1    0    0    0    0    0  121   28  288   95   16  288    8.250
  71K  96G   7.351    0.675  1755    0    0    0    0    0    0    0    0    0    0    0    0   66  552  521  248  319   49   13  552    6.750
  71K 105Q   7.818    0.180   295    0    0    0    0    0    0    0    0    0    0    0    0    0    0    0  277   18    0   15  277    7.750
  72G  95E   7.061    0.236   130    0    0    0    0    0    0    0    0    0    0    0    0    0   20  110    0    0    0   14  110    7.250
  72G  96G   7.978    0.682  1911    0    0    0    0    0    0    0    0    0    0    0   49   77    0    0  810  684  291   15  810    7.750
  72G  99H   8.470    0.000    77    0    0    0    0    0    0    0    0    0    0    0    0    0    0    0    0   77    0   16   77    8.250
  73Y  92T   5.719    0.641  2684    0    0    0    0    0    0    0    0    0  165 1132  547  581  115  112   24    0    8   10 1132    5.250
  73Y  93Y   6.738    0.575  2727    0    0    0    0    0    0    0    0    0    0    0   75 1065 1103   98  210  152   24   13 1103    6.750
  73Y  95E   7.129    0.753  2416    0    0    0    0    0    0    0    0    0    0    0    0  372  979  314  432  176  143   13  979    6.750
  73Y  96G   5.800    0.882  2519    0    0    0    0    0    0    0    0    0  445  737  651  225  143  124  125    3   66   10  737    5.250
  73Y 105Q   7.284    0.399   349    0    0    0    0    0    0    0    0    0    0    0    0    0    0  256   82    0   11   14  256    7.250
  73Y 106L   8.218    0.500   636    0    0    0    0    0    0    0    0    0    0    0    0    1    0    1  300  123  211   15  300    7.750
  73Y 109G   7.541    0.527   123    0    0    0    0    0    0    0    0    0    0    0    0    0   33   55    0   23   12   14   55    7.250
  74S  92T   6.951    0.681  2722    0    0    0    0    0    0    0    0    0    0    0  100  756  755  519  404   65  123   12  756    6.250
  74S  93Y   6.195    0.812  2673    0    0    0    0    0    0    0    0    2   90  605  636  513  326  422    4   21   54   11  636    5.750
  74S  95E   8.292    0.306  1672    0    0    0    0    0    0    0    0    0    0    0    0    0    0    0  257  876  539   16  876    8.250
  74S  96G   6.339    0.954  2434    0    0    0    0    0    0    0    0    0    0  504  855  161  293  156  358   95   12   11  855    5.750
  74S 103N   7.660    0.112    89    0    0    0    0    0    0    0    0    0    0    0    0    0    0    0   88    0    1   15   88    7.750
  74S 106L   6.580    0.630   896    0    0    0    0    0    0    0    0    1    0   55   55  359  281    2  143    0    0   12  359    6.250
  74S 109G   8.169    0.550   507    0    0    0    0    0    0    0    0    0    0    0    1    1   34    8  114  180  169   16  180    8.250
  75R 105Q   8.013    0.504   132    0    0    0    0    0    0    0    0    0    0    0    0    0    0    0   66    0   66   15   66    7.750
  75R 106L   8.525    0.385    98    0    0    0    0    0    0    0    0    0    0    0    0    0    0    0    1   55   42   16   55    8.250
  76K  89A   7.404    0.385  3627    0    0    0    0    0    0    0    0   11    0    0    6    0  101 2208 1130  113   58   14 2208    7.250
  76K  92T   6.922    0.650  3230    0    0    0    0    0    0    0    0    0    0   10  121  860 1062  668  213  161  135   13 1062    6.750
  77A  88E   7.351    0.419  4036    0    0    0    0    0    0    0    0    0    0    0    0    8  886 1733 1147  205   57   14 1733    7.250
  77A  89A   4.488    0.628  4047    0    0    0    0    0    0    0  121 2883  527  265   76   64   74    0   24    5    8    8 2883    4.250
  77A  90K   7.078    0.410  3688    0    0    0    0    0    0    0    0    0    0    1    0    0 1960 1230  407   57   33   13 1960    6.750
  77A  91R   7.928    0.426  3290    0    0    0    0    0    0    0    0    0    0    0    0    0    0  377 1807  728  378   15 1807    7.750
  77A  92T   5.380    0.676  3405    0    0    0    0    0    0    0    0    9 1097 1476  306  269  181    6   12   12   37   10 1476    5.250
  77A  93Y   5.975    0.660  3255    0    0    0    0    0    0    0    0    0    0  914  851  911  240  237   80   18    4   10  914    5.250
  77A 109G   8.073    0.571   569    0    0    0    0    0    0    0    0    0    0    0    1    3   47   22    0  406   90   16  406    8.250
  78A  89A   6.984    0.503  4304    0    0    0    0    0    0    0    0    0    0    0    0  570 1928 1228  363  137   78   13 1928    6.750
  78A 109G   7.690    0.810   492    0    0    0    0    0    0    0    0    0    0    0    2   23  105  115   26  149   72   16  149    8.250
  79A  88E   8.047    0.665   151    0    0    0    0    0    0    0    0    0    0    0    0    5    0   43   12   55   36   16   55    8.250
  79A  89A   7.793    0.566  5021    0    0    0    0    0    0    0    0    0   23   35   60  127   21  181 2862 1394  318   15 2862    7.750
  80L  85R   5.405    1.018  6953    0    0    0    0    0    0    0    0   37 1951 3980  225  107   15   67   86   86  399   10 3980    5.250
  80L  86F   6.552    0.642  6604    0    0    0    0    0    0    0    0   80  250  150   99 1507 3918  358  136   59   47   13 3918    6.750
  80L  88E   6.666    0.577  5793    0    0    0    0    0    0    0    0    0    0    0  237 2467 1775  795  294  152   73   12 2467    6.250
  80L  89A   5.564    1.012  6162    0    0    0    0    0    0    0    0    0 1589 2772  808  260   90  106   43   92  402   10 2772    5.250
  81E  86F   5.747    0.915  6564    0    0    0    0    0    0    0   84  171  617 2000 2019  857  189  124  213   86  204   11 2019    5.750
  81E  88E   8.140    0.343  5461    0    0    0    0    0    0    0    0    0    0    0    0    0   35   40 1818 2765  803   16 2765    8.250
  81E  89A   5.898    0.824  5793    0    0    0    0    0    0    0    0    0    0 2444 1653  967  154   68  204  185  118   10 2444    5.250
  81E  90K   8.498    0.267  4364    0    0    0    0    0    0    0    0    0    0    0    0    1    0    0  224 2198 1941   16 2198    8.250
  81E 113M   6.728    0.718    88    0    0    0    0    0    0    0    0    0    0    0    0   44   22    0   11   11    0   12   44    6.250
  82F  88E   8.026    0.774   227    0    0    0    0    0    0    0    0    0    0    1    8    6   15    6   26  114   51   16  114    8.250
  83L  88E   6.884    1.181   693    0    0    0    0    0    0    0    0    0    0   82  128  113   77   40   90   69   94   11  128    5.750
  83L  92T   8.162    0.530   168    0    0    0    0    0    0    0    0    0    0    0    0    0    3   19   41   57   48   16   57    8.250
  86F 113M   6.550    0.657   132    0    0    0    0    0    0    0    0    0    0   22    0    0   99    0   11    0    0   13   99    6.750
  87E 113M   8.160    0.415   121    0    0    0    0    0    0    0    0    0    0    0    0    0    0    0   66    0   55   15   66    7.750
  89A 110L   8.193    0.521   427    0    0    0    0    0    0    0    0    0    0    6    0    0    0   20   52  271   78   16  271    8.250
  89A 113M   7.285    0.342   132    0    0    0    0    0    0    0    0    0    0    0    0    0   44   77    0   11    0   14   77    7.250
  90K 109G   8.054    0.549   361    0    0    0    0    0    0    0    0    0    0    0    0    0    0  121   33  104  103   14  121    7.250
  90K 110L   6.344    0.612   465    0    0    0    0    0    0    0    0    0    0   22  104   81  217   25    0   11    5   13  217    6.750
  90K 113M   6.120    0.511   132    0    0    0    0    0    0    0    0    0    0    0   44   55   33    0    0    0    0   12   55    6.250
  90K 114E   7.428    0.450    99    0    0    0    0    0    0    0    0    0    0    0    0    0   33   33   33    0    0   13   33    6.750
  91R 110L   8.377    0.258   130    0    0    0    0    0    0    0    0    0    0    0    0    0    0    0    0   93   37   16   93    8.250
  93Y 106L   6.294    0.765  1670    0    0    0    0    0    0    0    0    0   88  159  495  320  335  182   63    6   22   11  495    5.750
  93Y 107K   7.912    0.523  1310    0    0    0    0    0    0    0    0    0    0    0    0    3   77  192  437  444  157   16  444    8.250
  93Y 109G   7.356    0.720   755    0    0    0    0    0    0    0    0    0   11   22    0   88   34  198  276  118    8   15  276    7.750
  93Y 110L   6.032    0.601   500    0    0    0    0    0    0    0    0    0   20   83  143  191   42   12    8    1    0   12  191    6.250
  94E 110L   7.396    0.651   519    0    0    0    0    0    0    0    0    0    0    0    7   11  183   63  165   69   21   13  183    6.750
  95E 106L   8.026    0.966   189    0    0    0    0    0    0    0    0    0   14    0    0    0    0    0   55   71   49   16   71    8.250
  96G 101A   7.737    0.748  5002    0    0    0    0    0    0    0    0    1   31  152   90   95  175  326 2473 1009  650   15 2473    7.750
  96G 105Q   7.870    0.625   276    0    0    0    0    0    0    0    0    0    0    0    0   10    0  119   23   50   74   14  119    7.250
  96G 106L   6.996    0.777  2340    0    0    0    0    0    0    0    0    0   55   76   36  243  854  525  299  203   49   13  854    6.750
  97L 102N   7.592    0.743  4337    0    0    0    0    0    0    0    0   13   49   21  129   77  389  837 1637  806  379   15 1637    7.750
  97L 103N   7.234    0.682  3540    0    0    0    0    0    0    0    0    2    1   16   75  302  980 1036  692  224  212   14 1036    7.250
  97L 106L   6.557    0.838  2602    0    0    0    0    0    0    0    3    4   89  185  344  568  776  386   86   75   86   13  776    6.750
  97L 107K   7.255    0.803  2133    0    0    0    0    0    0    0    0    0    8   23   95  395  246  568  465  201  132   14  568    7.250
  99H 106L   7.214    0.961   766    0    0    0    0    0    0    0    0    5    4   16   68   40  201  156   66  139   71   13  201    6.750
 100E 110L   8.086    0.676   198    0    0    0    0    0    0    0    0    0    0    0    0   10    6   34    5   85   58   16   85    8.250
 101A 106L   7.448    1.105  4107    0    0    0    0    0    0    0    0    6   33  115  529  292  419  393  465 1161  694   16 1161    8.250
 101A 107K   7.314    1.105  3718    0    0    0    0    0    0    0    1   35   96  186  169  391  440  494  582  821  503   16  821    8.250
 102N 107K   7.627    0.797  4021    0    0    0    0    0    0    0    0    0    0   60   24  263  539  926  800  633  776   14  926    7.250
